0.000245
0.000213
0.000223
0.000097
0.000630
0.000028
0.000693
0.001035
0.000902
0.000046
0.000953
0.001103
0.001864
0.001377
0.002382
0.001345
0.000908
0.000835
0.000813
0.000647
0.000461
0.000568
0.000434
0.000019
0.000055
0.000525
0.000440
0.000436
0.000184
0.000321
0.000059
0.000165
0.000232
0.000248
0.000054
0.000186
0.000584
0.000260
0.000078
0.000528
0.000750
0.000213
0.000131
0.001136
0.000307
0.000594
0.000024
0.000349
0.000359
0.000011
0.000008
0.000009
0.000355
0.000615
0.000166
0.000169
0.000072
0.000614
0.000047
0.000242
0.000250
0.000306
0.000813
0.000314
0.000045
0.000448
0.000167
0.000129
0.000202
0.000023
0.000101
0.000084
0.000091
0.000131
0.000534
0.000142
0.000103
0.000210
0.000220
0.000021
0.000120
0.000124
0.000373
0.000076
0.002551
0.002626
0.002705
0.000020
0.000023
0.002652
0.000006
0.000007
0.000009
0.002728
0.002725
0.000049
0.002723
0.002756
0.002728
0.002746
0.002720
0.002751
0.002748
0.002747
0.000014
0.002775
0.002774
0.002772
0.002797
0.002772
0.002793
0.002750
0.002769
0.002780
0.002811
0.000007
0.000021
0.000178
0.002994
0.003062
0.003074
0.000106
0.003005
0.003011
0.000023
0.003044
0.003143
0.003220
0.000017
0.003260
0.000019
0.003262
0.003277
0.003283
0.000087
0.003388
0.003393
0.000057
0.003411
0.000007
0.003445
0.003504
0.003503
0.003580
0.000009
0.000120
0.003612
0.003624
0.000042
0.003619
0.003721
0.000017
0.003704
0.000246
0.003932
0.003976
0.003982
0.000010
0.003976
0.004004
0.004008
0.004034
0.000009
0.004057
0.004083
0.004123
0.004099
0.004177
0.000007
0.004209
0.004230
0.000007
0.004258
0.004317
0.004340
0.004363
0.004399
0.004401
0.000120
0.004486
0.000051
0.004497
0.000220
0.004731
0.000005
0.004774
0.004819
0.004852
0.004857
0.004863
0.004886
0.004879
0.004882
0.004896
0.004903
0.004911
0.004959
0.004964
0.004966
0.004986
0.004988
0.000007
0.004986
0.000021
0.000063
0.004993
0.004997
0.004987
0.004984
0.005019
0.005020
0.005049
0.005048
0.005053
0.005087
0.005133
0.005136
0.005183
0.005214
0.005229
0.005270
0.005278
0.005324
0.005361
0.005343
0.005378
0.005365
0.005410
0.005456
0.005450
0.005451
0.005444
0.005458
0.005497
0.005500
0.005544
0.005577
0.005576
0.005589
0.005652
0.005687
0.005720
0.005723
0.005712
0.005713
0.005712
0.005744
0.005746
0.005774
0.005808
0.005810
0.005844
0.005876
0.005874
0.005898
0.005891
0.005883
0.005814
0.005825
0.005833
0.005871
0.005909
0.005908
0.005933
0.005931
0.005940
0.005927
0.005898
0.005906
0.005927
0.005944
0.005953
0.005978
0.005982
0.005980
0.006005
0.006033
0.006053
0.006054
0.006052
0.006084
0.006080
0.006083
0.006077
0.006092
0.006053
0.008720
0.008606
0.005855
0.005861
0.005888
0.008527
0.008538
0.005406
0.005343
0.005321
0.005326
0.005361
0.008314
0.005336
0.005260
0.005298
0.005077
0.008318
0.008336
0.005051
0.004978
0.004984
0.008383
0.008328
0.004961
0.004911
0.004852
0.008340
0.004696
0.004700
0.004688
0.008291
0.004687
0.004696
0.004704
0.008346
0.004636
0.004641
0.008338
0.004568
0.004573
0.004595
0.004600
0.004596
0.004571
0.004585
0.004590
0.004595
0.004621
0.004629
0.004635
0.004671
0.004663
0.004561
0.009150
0.004552
0.008553
0.004310
0.008370
0.003913
0.003937
0.003909
0.003912
0.008416
0.003881
0.008418
0.003835
0.003836
0.003827
0.003792
0.003788
0.003337
0.003325
0.008257
0.003330
0.003324
0.008355
0.000013
0.000024
0.000018
0.000185
0.000175
0.000213
0.000273
0.000353
0.000045
0.000403
0.000364
0.000138
0.000401
0.000006
0.000434
0.000453
0.000086
0.000507
0.000576
0.000555
0.000478
0.000873
0.000523
0.000547
0.000563
0.000035
0.000602
0.000965
0.000008
0.000946
0.001915
0.001488
0.000129
0.001495
0.000011
0.000009
0.000006
0.000059
0.001366
0.001325
0.001915
0.001411
0.001988
0.001427
0.001401
0.001443
0.001444
0.001493
0.001566
0.001587
0.001604
0.001621
0.000237
0.001810
0.001809
0.001830
0.001949
0.001957
0.001957
0.000008
0.001992
0.001964
0.002036
0.002047
0.000007
0.000016
0.002051
0.000171
0.002458
0.002632
0.002681
0.000005
0.002726
0.002757
0.002895
0.002957
0.002970
0.000402
0.003373
0.000007
0.003400
0.003403
0.000038
0.000466
0.003826
0.000009
0.003830
0.000006
0.000084
0.003864
0.000005
0.003874
0.003888
0.000015
0.000007
0.000016
0.004128
0.000007
0.004158
0.004205
0.004214
0.000010
0.000019
0.004173
0.004222
0.004246
0.000057
0.000224
0.004341
0.000006
0.004367
0.004385
0.004374
0.004441
0.004477
0.004579
0.004595
0.004633
0.004715
0.004753
0.004803
0.002461
0.007280
0.007283
0.000007
0.008708
0.000052
0.000135
0.008669
0.008621
0.007299
0.007314
0.007325
0.000290
0.007550
0.007431
0.007398
0.000009
0.007343
0.000007
0.007213
0.000006
0.007207
0.007177
0.000008
0.008870
0.007281
0.007267
0.000074
0.007360
0.000019
0.007413
0.007435
0.000008
0.007477
0.007506
0.000011
0.000112
0.007537
0.007560
0.007553
0.007482
0.000079
0.009332
0.007412
0.007396
0.007418
0.007407
0.007415
0.007443
0.007435
0.007342
0.009413
0.006974
0.006593
0.009511
0.006517
0.006563
0.006562
0.006593
0.006627
0.006622
0.006645
0.006704
0.006690
0.006692
0.006726
0.006736
0.006747
0.006775
0.006782
0.006802
0.006858
0.006856
0.000008
0.006886
0.000007
0.006908
0.006907
0.006905
0.006932
0.006940
0.006968
0.010297
0.006894
0.006927
0.006933
0.006941
0.006957
0.006972
0.010431
0.006988
0.006987
0.006976
0.007010
0.007057
0.007067
0.007103
0.007114
0.007118
0.007144
0.007166
0.007199
0.007204
0.007234
0.007237
0.007269
0.007732
0.007736
0.007761
0.007785
0.007811
0.007833
0.007836
0.007850
0.007878
0.007880
0.007901
0.007903
0.007926
0.007948
0.007949
0.008001
0.008003
0.008024
0.008028
0.008061
0.008071
0.008094
0.008129
0.008136
0.008176
0.008181
0.008214
0.008251
0.008285
0.008288
0.008250
0.000006
0.008306
0.012141
0.000007
0.008367
0.008406
0.000005
0.012240
0.008077
0.008047
0.012139
0.000006
0.000035
0.000015
0.012265
0.008150
0.000074
0.008125
0.008084
0.012331
0.008060
0.012374
0.008082
0.008074
0.008091
0.008100
0.008091
0.007965
0.007929
0.007849
0.007758
0.007705
0.000018
0.007518
0.007546
0.007550
0.007524
0.007562
0.007569
0.007576
0.007589
0.007585
0.007592
0.007603
0.007587
0.007578
0.007572
0.007549
0.007576
0.007582
0.007584
0.007544
0.007548
0.007550
0.000021
0.007540
0.007549
0.007587
0.007635
0.007695
0.007736
0.007728
0.007738
0.007774
0.007775
0.007772
0.007778
0.007807
0.007816
0.007762
0.007790
0.007797
0.007802
0.007810
0.007818
0.007789
0.007797
0.007797
0.007802
0.000054
0.007861
0.007847
0.007833
0.000041
0.007922
0.007962
0.007961
0.007964
0.007958
0.007958
0.007994
0.008038
0.008075
0.008123
0.008154
0.014168
0.008168
0.008201
0.008240
0.008261
0.008294
0.008305
0.008309
0.014094
0.008289
0.008321
0.008326
0.008339
0.008346
0.008356
0.008336
0.008333
0.008331
0.008340
0.008364
0.008359
0.008359
0.008387
0.008399
0.008388
0.000015
0.008471
0.008509
0.000012
0.008496
0.008524
0.000007
0.008577
0.008552
0.008580
0.008597
0.008597
0.008602
0.008615
0.008615
0.000016
0.008680
0.008700
0.008722
0.000010
0.008740
0.008741
0.008823
0.008846
0.000050
0.008863
0.008907
0.008910
0.008903
0.008975
0.000069
0.009040
0.000013
0.000008
0.009030
0.000071
0.009132
0.000095
0.009156
0.009169
0.000179
0.000043
0.000026
0.000052
0.009413
0.000341
0.009415
0.009449
0.009516
0.000006
0.009544
0.000005
0.009580
0.009580
0.000048
0.009578
0.000119
0.000016
0.000033
0.009732
0.000005
0.009741
0.009789
0.009826
0.009825
0.000005
0.009845
0.009846
0.009855
0.009857
0.009865
0.009861
0.009884
0.009946
0.010019
0.000007
0.010082
0.000006
0.000006
0.010106
0.000006
0.010134
0.000147
0.010130
0.000004
0.010447
0.010158
0.010171
0.010148
0.000006
0.010154
0.010171
0.010261
0.010259
0.010258
0.000012
0.010301
0.000064
0.010336
0.010328
0.000011
0.010358
0.010356
0.000009
0.010391
0.010387
0.010366
0.010390
0.010428
0.010469
0.010425
0.010390
0.000050
0.010495
0.017715
0.010470
0.019368
0.010635
0.010624
0.010647
0.017902
0.010533
0.010556
0.010588
0.010628
0.010675
0.010690
0.010693
0.010714
0.010713
0.010734
0.010761
0.010800
0.010823
0.010700
0.010715
0.017902
0.010737
0.017904
0.010640
0.010654
0.017918
0.010636
0.017946
0.010563
0.017979
0.010479
0.018007
0.017780
0.010288
0.015088
0.015060
0.014201
0.013899
0.006127
0.013654
0.013613
0.005017
0.004910
0.013196
0.013057
0.004348
0.004351
0.004355
0.013123
0.004285
0.004270
0.004237
0.004174
0.013132
0.004143
0.013157
0.013110
0.013132
0.004082
0.004088
0.004104
0.004116
0.004103
0.004108
0.004089
0.013253
0.013231
0.004052
0.004056
0.004058
0.004054
0.004040
0.003996
0.004031
0.004030
0.004035
0.004034
0.013397
0.004024
0.004004
0.013421
0.004058
0.004062
0.013464
0.004071
0.004068
0.013500
0.003882
0.003877
0.003879
0.003888
0.003879
0.013465
0.003872
0.003823
0.013529
0.003854
0.003839
0.013561
0.003864
0.003896
0.003883
0.013430
0.003299
0.013399
0.013349
0.003095
0.013303
0.003008
0.003013
0.003006
0.003001
0.013298
0.013303
0.002694
0.013108
0.002686
0.000016
0.000024
0.000021
0.000068
0.000058
0.000065
0.000201
0.000239
0.000214
0.000219
0.000008
0.000244
0.000332
0.000245
0.000247
0.000434
0.000306
0.000310
0.000307
0.000331
0.000346
0.000358
0.000393
0.000416
0.000018
0.000544
