0.000367
0.000889
0.000419
0.000476
0.000463
0.000444
0.000891
0.000498
0.000491
0.000470
0.000501
0.000499
0.000453
0.000448
0.000446
0.000459
0.000487
0.000463
0.000524
0.000534
0.000051
0.000526
0.000540
0.000146
0.000489
0.000650
0.000487
0.000538
0.000671
0.000637
0.000081
0.000039
0.000022
0.000029
0.000132
0.000401
0.000341
0.000283
0.000248
0.000212
0.000208
0.000234
0.000375
0.000329
0.000319
0.000083
0.000259
0.000215
0.000276
0.000119
0.002033
0.002249
0.001691
0.001594
0.000530
0.000191
0.000029
0.000037
0.000150
0.000591
0.000079
0.000245
0.000284
0.000281
0.000231
0.000237
0.000328
0.000260
0.000256
0.000469
0.000032
0.000287
0.000210
0.000036
0.000075
0.000107
0.000144
0.000148
0.000047
0.001059
0.000074
0.000039
0.000027
0.000031
0.000048
0.000174
0.000074
0.000078
0.000195
0.000288
0.000130
0.000107
0.000010
0.000032
0.000274
0.000289
0.000220
0.000033
0.000031
0.000165
0.000192
0.000157
0.000282
0.000121
0.000223
0.000216
0.000225
0.000194
0.000197
0.000124
0.000202
0.000298
0.000252
0.000248
0.000059
0.000046
0.000122
0.000307
0.000069
0.000440
0.000247
0.000140
0.000186
0.000418
0.000244
0.000493
0.000315
0.000189
0.000155
0.000304
0.000012
0.000064
0.000024
0.000098
0.000892
0.000714
0.000207
0.000045
0.000123
0.000138
0.000016
0.000098
0.000117
0.000192
0.000153
0.000230
0.000214
0.000233
0.000262
0.000316
0.000379
0.000329
0.000267
0.000022
0.000267
0.000231
0.000194
0.000060
0.000174
0.000211
0.000419
0.000330
0.000395
0.000303
0.000202
0.000137
0.000050
0.000038
0.000193
0.000073
0.000083
0.000077
0.000088
0.000111
0.000021
0.000018
0.000062
0.000020
0.000056
0.001309
0.000009
0.000077
0.000006
0.000074
0.002694
0.002630
0.000037
0.002642
0.002668
0.005893
0.002511
0.002476
0.002482
0.002456
0.002501
0.002545
0.002527
0.002545
0.005681
0.002532
0.002536
0.002552
0.002562
0.002658
0.002570
0.002574
0.002460
0.002439
0.002451
0.002519
0.002549
0.002547
0.002569
0.002542
0.002564
0.002605
0.002602
0.003062
0.002764
0.002925
0.002792
0.002798
0.002829
0.002782
0.003038
0.002804
0.002869
0.005232
0.002840
0.005475
0.002846
0.002852
0.002844
0.005184
0.002809
0.002825
0.002850
0.002855
0.005152
0.002843
0.002822
0.005082
0.002791
0.002802
0.002783
0.002781
0.002817
0.003873
0.002830
0.003188
0.003219
0.003204
0.004953
0.003204
0.003226
0.003179
0.003183
0.003139
0.004818
0.003220
0.003209
0.003333
0.003214
0.003217
0.003217
0.003216
0.003251
0.003195
0.003209
0.003229
0.003249
0.003262
0.003264
0.003298
0.003296
0.003301
0.003300
0.003310
0.004557
0.003290
0.003287
0.003283
0.004504
0.003293
0.003307
0.003266
0.003322
0.003280
0.003281
0.003298
0.003392
0.003339
0.003343
0.003321
0.003331
0.003332
0.003345
0.003354
0.003357
0.003350
0.004304
0.003329
0.003323
0.003318
0.003330
0.003334
0.003270
0.003255
0.003256
0.003262
0.003258
0.003272
0.003283
0.003335
0.003244
0.003297
0.003267
0.003314
0.003340
0.003384
0.003405
0.003427
0.003444
0.003440
0.003459
0.003495
0.003396
0.003409
0.003419
0.003407
0.003384
0.003364
0.003399
0.003410
0.000012
0.000007
0.000038
0.000039
0.000044
0.000120
0.003685
0.000240
0.003155
0.003164
0.000073
0.003030
0.000090
0.000014
0.000021
0.000014
0.000018
0.002569
0.002607
0.000051
0.002559
0.000214
0.000091
0.000006
0.000007
0.000189
0.002444
0.002678
0.000086
0.000099
0.000063
0.000102
0.000021
0.000016
0.001806
0.001780
0.000005
0.000012
0.000025
0.000130
0.000071
0.000141
0.000046
0.000167
0.000545
0.000067
0.000043
0.000124
0.000007
0.000196
0.000047
0.007359
0.006551
0.006167
0.005795
0.000038
0.000020
0.000025
0.000018
0.005328
0.005206
0.000025
0.000088
0.000170
0.000032
0.000025
0.000059
0.000036
0.000059
0.000082
0.000045
0.000096
0.000108
0.000092
0.000144
0.000053
0.005064
0.004793
0.004807
0.003872
0.000056
0.000066
0.000215
0.000254
0.000281
0.000157
0.000178
0.000185
0.000230
0.000247
0.000230
0.000224
0.000222
0.000235
0.000240
0.000228
0.000209
0.000008
0.000152
0.000161
0.003475
0.006839
0.001377
0.005940
0.004481
0.000516
0.001068
0.001825
0.000385
0.000365
0.001047
0.000271
0.000177
0.000095
0.000171
0.000014
0.000016
0.000117
0.000015
0.000022
0.000200
0.000013
0.000073
0.000123
0.000567
0.000061
0.000229
0.000017
0.000206
0.000051
0.000123
0.000126
0.000172
0.000188
0.000224
0.000347
0.000281
0.000409
0.000279
0.000315
0.000321
0.000634
0.000416
0.000362
0.000386
0.000348
0.000416
0.000415
0.000407
0.000418
0.000654
0.000436
0.000444
0.000452
0.000784
0.000455
0.000450
0.000438
0.000205
0.000009
0.000386
0.000038
0.000171
0.000286
0.000045
0.000384
0.000242
0.000018
0.000385
0.000222
0.000167
0.000187
0.000160
0.000144
0.000006
0.000088
0.000118
0.000037
0.000016
0.000042
0.000062
0.000018
0.001761
0.000047
0.000083
0.000051
0.000624
0.001147
0.000005
0.000044
0.000029
0.000034
0.000029
0.000015
0.000068
0.000015
0.000036
0.000023
0.000091
0.000092
0.000047
0.000106
0.000075
0.000352
0.000105
0.000061
0.000023
0.000068
0.000014
0.000031
0.000022
0.000739
0.000169
0.000733
0.000022
0.000487
0.000043
0.000263
0.000035
0.000094
0.000091
0.000005
0.000039
0.000043
0.000327
0.000078
0.000070
0.000048
0.000022
0.000018
0.000015
0.001369
0.000012
0.001333
0.000071
0.000017
0.000022
0.001234
0.001303
0.001254
0.001202
0.000072
0.000095
0.000103
0.000018
0.000048
0.000056
0.001807
0.000014
0.000039
0.000016
0.000094
0.000244
0.000070
0.000043
0.000224
0.000143
0.000020
0.000076
0.000016
0.000050
0.000056
0.000056
0.000128
0.000229
0.000544
0.000541
0.000228
0.000257
0.000255
0.000188
0.000324
0.000295
0.000316
0.000311
0.000358
0.000350
0.000328
0.000018
0.000344
0.000016
0.000009
0.000039
0.000311
0.000177
0.000183
0.000152
0.000099
0.000458
0.000017
0.000015
0.000035
0.000075
0.000014
0.000059
0.000058
0.000049
0.000119
0.000161
0.000318
0.000414
0.000143
0.000168
0.000099
0.000083
0.000179
0.000127
0.000048
0.000014
0.000023
0.000015
0.000252
0.000244
0.000068
0.000386
0.000070
0.000088
0.000155
0.000707
0.000222
0.000215
0.000239
0.000045
0.000274
0.000053
0.000057
0.000025
0.000119
0.000053
0.000217
0.000149
0.000012
0.000268
0.000161
0.000213
0.000191
0.000205
0.000028
0.000014
0.000006
0.000008
0.000018
0.000154
0.000005
0.000007
0.000092
0.000168
0.000128
0.000111
0.000028
0.000243
0.000046
0.000086
0.001428
0.000022
0.001533
0.001506
0.001495
0.001509
0.001535
0.001549
0.001509
0.001485
0.001557
0.001552
0.001576
0.001579
0.001599
0.001556
0.001584
0.001579
0.001602
0.001627
0.001632
0.001641
0.001660
0.001664
0.001666
0.001677
0.001683
0.001711
0.001670
0.001672
0.001692
0.001754
0.001706
0.001711
0.001758
0.001737
0.001760
0.001738
0.001814
0.001804
0.001800
0.001823
0.001760
0.001785
0.001791
0.001789
0.001837
0.001831
0.001856
0.001851
0.001862
0.001857
0.001879
0.001858
0.001900
0.001905
0.001920
0.001924
0.001918
0.001919
0.001835
0.001859
0.001904
0.001900
0.001909
0.001864
0.001903
0.001894
0.001926
0.001920
0.001948
0.001910
0.001933
0.001949
0.001974
0.002018
0.001984
0.001978
0.002025
0.002032
0.002038
0.002034
0.002045
0.002041
0.002036
0.002049
0.002066
0.002063
0.002098
0.002154
0.000005
0.003117
0.002997
0.002734
0.002562
0.002566
0.000011
0.000013
0.000018
0.000013
0.000066
0.000117
0.000174
0.000188
0.000225
0.000191
0.000283
0.000063
0.000277
0.000702
0.000239
0.000139
0.000398
0.000104
0.000233
0.000153
0.000073
0.000288
0.000210
0.000209
0.000022
0.000064
0.000096
0.000138
0.000188
0.000471
0.000059
0.000090
0.000239
0.000048
0.000050
0.000021
0.000213
0.000075
0.000258
0.000020
0.000021
0.000043
0.000135
0.000028
0.000028
0.000016
0.000087
0.000088
0.000061
0.000139
0.000074
0.000042
0.000060
0.000096
0.000007
0.000017
0.000073
0.000011
0.000009
0.000013
0.000063
0.000121
0.000178
0.000030
0.000055
0.000034
0.000151
0.000062
0.000110
0.000123
0.000010
0.000009
0.000069
0.000160
0.000119
0.000060
0.000411
0.000139
0.000026
0.000026
0.000109
0.000073
0.000020
0.000019
0.000021
0.000089
0.000139
0.000079
0.000021
0.000019
0.000021
0.000066
0.000025
0.000025
0.000078
0.000008
0.000009
0.000112
0.000068
0.000127
0.000027
0.000100
0.000175
0.000027
0.000153
0.000020
0.000306
0.000018
0.000020
0.000064
0.000069
0.000123
0.000255
0.000024
0.000123
0.000024
0.000116
0.000022
0.000128
0.000105
0.000023
0.000020
0.000033
0.000022
0.000041
0.000120
0.000075
0.000029
0.000029
0.000053
0.000049
0.000009
0.000064
0.000033
0.000030
0.000022
0.000041
0.000136
0.000015
0.000020
0.000015
0.000031
0.000082
0.000079
0.000086
0.000098
0.000023
0.000108
0.000089
0.000222
0.000035
0.000149
0.000087
0.000088
0.000023
0.000026
0.000213
0.000152
0.000022
0.000142
0.000025
0.000135
0.000020
0.000024
0.000141
0.000150
0.000057
0.000008
0.000072
0.000060
0.000123
0.000156
0.000159
0.000035
0.000099
0.000106
0.000031
0.000122
0.000490
0.000073
0.000046
0.000059
0.000108
0.000173
0.000021
0.000017
0.000054
0.000028
0.000107
0.000130
0.000127
0.000081
0.000018
0.000026
0.000034
0.000147
0.000071
0.000022
0.000040
0.000057
0.000011
0.000076
0.000009
0.000051
0.000023
0.000076
0.000068
0.000134
0.000023
0.000035
0.000068
0.000098
0.000311
0.000143
0.000187
0.000313
0.000336
